3 5
6 14
7 14
12 20
4 21
11 24
17 24
20 26
22 26
21 29
26 32
30 33
26 34
5 38
25 38
4 39
20 41
21 41
0 43
22 44
42 44
31 45
36 45
39 45
10 46
35 46
45 47
32 48
5 49
5 52
30 52
35 53
30 55
50 57
47 60
18 61
35 66
54 74
71 74
20 76
31 77
44 77
71 78
8 79
65 79
76 79
36 81
48 81
51 81
8 82
47 82
38 83
48 83
60 83
75 83
79 83
3 84
21 84
24 84
26 86
43 86
58 86
67 87
78 87
59 88
69 88
77 89
78 90
54 91
88 92
9 93
44 93
70 93
6 94
71 94
45 95
61 95
70 95
76 95
79 95
27 96
41 96
68 96
75 96
56 97
63 97
79 97
22 98
53 98
65 99
91 99
14 100
10 101
13 101
21 101
23 101
64 101
72 101
79 101
8 103
71 103
50 104
103 104
54 105
56 105
86 105
17 106
87 106
10 107
56 108
86 108
20 109
28 109
33 109
81 109
7 110
68 110
5 111
24 112
13 113
94 113
11 115
3 116
84 116
26 118
86 118
105 118
55 120
66 121
113 121
13 122
25 123
44 123
66 123
26 124
27 124
33 124
18 125
23 125
78 125
72 126
21 127
82 127
82 128
124 128
12 129
25 129
39 129
11 130
32 130
48 131
67 131
56 132
58 132
59 132
72 132
112 132
7 133
37 133
90 133
104 134
20 135
119 135
120 135
96 136
64 137
125 137
59 138
44 139
54 139
82 139
86 139
5 140
24 141
84 141
86 141
70 142
103 142
3 143
69 143
72 143
118 143
138 143
14 144
41 144
55 144
79 144
127 144
41 146
109 146
11 147
26 147
91 147
122 147
140 147
72 148
120 148
124 148
140 148
46 149
94 149
82 150
83 150
102 150
109 150
118 150
140 150
9 151
30 151
84 152
101 152
7 153
43 153
45 153
52 153
89 153
117 153
127 153
53 154
80 155
86 155
91 155
113 155
46 156
57 156
83 156
34 157
101 157
115 157
130 157
151 157
9 158
126 158
157 158
49 159
95 159
116 159
156 159
2 161
112 161
145 161
115 162
130 162
132 162
134 163
135 163
160 163
6 164
21 164
28 164
79 164
84 164
90 164
97 164
74 165
110 165
136 165
160 166
9 167
46 167
137 167
5 168
15 168
49 168
56 168
119 168
21 169
49 169
51 169
52 169
77 169
96 169
110 169
136 169
83 170
86 170
141 170
154 170
3 171
84 171
122 171
134 171
140 171
158 171
0 172
14 172
30 172
45 172
163 172
166 172
171 172
21 173
23 173
171 173
2 174
11 174
14 174
124 174
145 175
3 176
13 176
14 176
97 176
104 176
132 176
11 177
104 177
142 177
24 178
38 178
131 178
165 178
27 179
30 179
42 179
72 179
154 179
159 179
166 179
19 180
74 180
177 180
30 181
75 181
79 181
84 181
118 181
110 182
152 182
174 182
177 182
61 183
79 183
95 183
11 184
72 184
126 184
51 185
54 185
138 185
165 185
17 186
26 186
36 186
160 186
164 186
184 186
42 187
93 187
152 187
155 187
0 188
98 188
116 188
70 189
135 189
85 190
51 191
99 191
117 191
118 191
129 191
188 191
18 192
122 192
174 192
18 193
52 193
107 193
44 194
76 194
1 195
3 195
10 195
13 195
109 195
150 195
186 195
80 197
113 197
118 197
175 197
1 198
165 198
186 198
91 199
70 200
41 201
117 201
118 201
164 201
183 201
40 202
74 202
182 202
198 202
81 204
85 204
157 204
40 205
59 205
127 205
129 205
77 206
120 206
45 207
101 207
112 207
127 207
206 207
28 208
58 208
160 208
47 209
68 209
186 209
195 209
80 210
94 210
118 210
102 211
172 211
20 212
44 212
93 212
167 212
182 212
10 213
186 213
28 214
59 214
76 214
91 214
210 214
61 215
64 215
93 215
97 215
112 215
118 215
119 215
39 216
152 216
22 217
27 217
38 217
68 217
130 217
24 218
39 218
64 218
85 218
102 218
103 218
149 218
170 218
9 219
12 219
27 219
112 219
142 219
150 219
166 219
17 220
76 220
112 220
31 221
62 221
79 221
5 222
26 222
121 222
173 222
209 222
217 222
130 223
172 223
219 223
10 224
21 224
28 224
82 224
84 224
163 224
203 224
214 224
216 224
220 225
71 226
82 226
126 226
129 226
140 226
183 226
39 227
64 227
84 227
131 227
167 227
186 227
88 228
141 228
161 228
207 228
22 229
49 229
95 229
96 229
2 230
18 230
44 230
102 230
190 230
173 231
219 231
16 232
30 232
113 232
115 232
120 232
59 233
98 233
156 233
182 233
218 233
220 233
232 233
18 234
95 234
221 234
229 234
56 235
163 235
166 235
204 235
0 236
13 236
28 236
29 236
85 236
155 236
92 237
169 237
192 237
225 237
80 238
97 238
144 238
192 238
205 238
223 238
227 238
34 239
101 239
185 239
193 239
199 239
229 239
17 240
37 240
45 240
75 240
80 240
139 240
166 240
197 240
237 240
0 241
81 241
126 241
77 242
129 242
170 242
188 242
207 242
229 242
234 242
241 242
124 243
170 243
176 243
178 243
185 243
198 243
240 243
4 244
62 244
114 244
205 244
43 245
91 245
94 245
103 245
124 245
127 245
177 245
180 245
205 245
219 245
178 246
182 246
232 246
51 247
209 247
239 247
26 248
28 248
153 248
157 248
173 248
2 249
45 249
84 249
137 249
47 250
58 250
59 250
81 250
168 250
74 251
131 251
136 251
199 251
247 251
7 252
18 252
58 252
129 252
154 252
65 253
88 253
135 253
230 253
32 254
63 254
79 254
104 254
140 254
222 254
6 255
51 255
52 255
214 255
231 255
238 255
10 256
15 256
85 256
101 256
124 256
176 256
195 256
207 256
223 256
65 257
76 257
173 257
227 257
239 257
255 257
23 258
168 258
169 258
175 258
211 258
222 258
68 259
201 259
235 259
53 260
95 260
104 260
112 260
165 260
232 260
159 261
161 261
240 261
246 261
28 262
30 262
37 262
89 262
117 262
119 262
135 262
159 262
165 262
249 262
101 263
111 263
149 263
198 263
21 264
187 264
204 264
244 264
196 265
199 265
46 266
65 266
144 266
207 266
214 266
18 267
47 267
50 267
74 267
140 267
193 267
245 267
252 267
253 267
33 268
71 268
75 268
77 268
131 268
195 268
258 268
2 269
47 269
209 269
254 269
259 269
11 270
23 270
36 270
67 270
103 270
116 270
153 270
196 270
211 270
238 270
251 270
41 271
53 271
122 271
135 271
266 271
14 272
30 272
89 272
93 272
109 272
128 272
152 272
203 272
66 273
141 273
146 273
157 273
170 273
175 273
230 273
50 274
81 274
90 274
167 274
175 274
204 274
217 274
107 275
121 275
194 275
212 275
21 276
79 276
24 277
30 277
77 277
140 277
259 277
22 278
185 278
187 278
193 278
258 278
227 279
64 280
69 280
88 280
101 280
266 280
279 280
29 281
108 281
122 281
128 281
130 281
192 281
210 281
266 281
46 282
178 282
231 282
248 282
251 282
271 282
28 283
41 283
51 283
117 283
119 283
124 283
234 283
251 283
258 283
32 284
55 284
92 284
110 284
118 284
136 284
143 284
173 284
250 284
268 284
155 285
196 285
229 285
57 286
144 286
163 286
198 286
237 286
274 286
280 286
55 287
60 287
82 287
90 287
219 287
73 288
152 288
182 288
210 288
227 288
274 288
280 288
23 289
52 289
87 289
136 289
198 289
213 289
224 289
232 289
266 289
14 290
19 290
89 290
120 290
164 290
175 290
180 290
184 290
216 290
236 290
3 291
40 291
146 291
177 291
216 291
225 291
235 291
29 292
122 292
234 292
237 292
20 293
58 293
91 293
114 293
197 293
217 293
231 293
258 293
265 293
8 294
34 294
79 294
162 294
188 294
239 294
248 294
278 294
18 295
118 295
156 295
249 295
282 295
293 295
22 296
30 296
34 296
86 296
103 296
119 296
147 296
164 296
173 296
197 296
231 296
69 297
103 297
172 297
18 298
62 298
87 298
100 298
231 298
252 298
10 299
46 299
86 299
143 299
197 299
236 299
298 299
19 300
40 300
50 300
57 300
94 300
257 300
263 300
296 300
1 301
40 301
51 301
64 301
89 301
98 301
199 301
217 301
218 301
243 301
291 301
185 302
213 302
214 302
290 302
1 303
10 303
84 303
100 303
125 303
137 303
300 303
31 304
89 304
144 304
148 304
151 304
195 304
275 304
39 305
58 305
121 305
211 305
11 306
31 306
79 306
155 306
158 306
282 306
73 307
75 307
95 307
210 307
232 307
259 307
4 308
24 308
52 308
117 308
132 308
273 308
300 308
6 309
82 309
146 309
300 309
26 310
107 310
158 310
159 310
167 310
169 310
299 310
67 311
196 311
264 311
7 312
83 312
104 312
105 312
133 312
184 312
192 312
203 312
245 312
2 313
119 313
170 313
216 313
221 313
243 313
296 313
19 314
77 314
78 314
95 314
112 314
234 314
264 314
277 314
291 314
309 314
61 315
68 315
261 315
265 315
16 316
39 316
46 316
65 316
113 316
133 316
171 316
229 316
301 316
24 317
37 317
40 317
67 317
194 317
235 317
54 318
111 318
138 318
255 318
262 318
301 318
151 319
214 319
48 320
105 320
116 320
248 320
261 320
99 321
181 321
218 321
239 321
256 321
312 321
314 321
20 322
21 322
252 322
263 322
275 322
305 322
318 322
1 323
27 323
33 323
34 323
37 323
53 323
223 323
291 323
300 323
155 324
203 324
260 324
309 324
316 324
39 325
117 325
126 325
162 325
37 326
105 326
113 326
223 326
294 326
18 327
23 327
42 327
122 327
250 327
262 327
264 327
282 327
289 327
55 328
150 328
168 328
177 328
216 328
223 328
255 328
280 328
287 328
55 329
121 329
147 329
166 329
198 329
275 329
290 329
323 329
80 330
95 330
113 330
127 330
201 330
212 330
233 330
42 331
86 331
132 331
191 331
219 331
223 331
231 331
275 331
73 332
115 332
302 332
31 333
106 333
124 333
168 333
250 333
303 333
11 334
23 334
28 334
83 334
88 334
107 334
109 334
178 334
198 334
272 334
273 334
293 334
22 335
117 335
146 335
182 335
191 335
251 335
272 335
13 336
157 336
227 336
311 336
324 336
4 337
24 337
97 337
126 337
232 337
242 337
277 337
323 337
147 338
255 338
7 339
40 339
75 339
78 339
244 339
251 339
305 339
38 340
88 340
23 341
53 341
129 341
139 341
142 341
176 341
181 341
220 341
250 341
251 341
336 341
28 342
51 342
175 342
195 342
215 342
221 342
249 342
279 342
3 343
21 343
97 343
257 343
336 343
60 344
100 344
137 344
187 344
214 344
234 344
298 344
306 344
327 344
14 345
33 345
42 345
57 345
84 345
99 345
150 345
199 345
200 345
222 345
322 345
37 346
56 346
60 346
197 346
226 346
244 346
333 346
334 346
53 347
80 347
163 347
298 347
29 348
95 348
203 348
292 348
33 349
93 349
107 349
120 349
122 349
212 349
229 349
299 349
313 349
327 349
32 350
59 350
111 350
163 350
171 350
213 350
13 351
34 351
50 351
62 351
97 351
272 351
277 351
307 351
313 351
36 352
152 352
172 352
264 352
307 352
326 352
335 352
38 353
66 353
130 353
134 353
159 353
182 353
298 353
301 353
308 353
330 353
279 354
340 354
71 355
112 355
149 355
160 355
174 355
198 355
206 355
259 355
263 355
344 355
69 356
112 356
125 356
327 356
22 357
47 357
111 357
119 357
136 357
261 357
279 357
350 357
47 358
66 358
78 358
87 358
244 358
287 358
304 358
349 358
22 359
85 359
142 359
170 359
225 359
289 359
336 359
48 360
71 360
103 360
171 360
190 360
230 360
324 360
332 360
144 361
203 361
275 361
309 361
327 361
334 361
9 362
37 362
184 362
196 362
245 362
273 362
294 362
8 363
35 363
53 363
79 363
118 363
187 363
211 363
240 363
323 363
331 363
102 364
133 364
137 364
251 364
284 364
309 364
3 365
40 365
162 365
178 365
230 365
252 365
304 365
330 365
39 366
49 366
61 366
90 366
122 366
126 366
130 366
140 366
144 366
176 366
253 366
268 366
296 366
300 366
9 367
51 367
70 367
140 367
147 367
184 367
219 367
221 367
259 367
296 367
333 367
20 368
23 368
49 368
136 368
233 368
281 368
311 368
4 369
49 369
80 369
86 369
107 369
142 369
311 369
366 369
5 370
23 370
68 370
89 370
153 370
186 370
213 370
222 370
264 370
350 370
351 370
363 370
11 371
30 371
38 371
238 371
240 371
261 371
279 371
284 371
369 371
2 372
8 372
149 372
190 372
218 372
251 372
312 372
6 373
17 373
73 373
106 373
141 373
204 373
217 373
229 373
257 373
270 373
289 373
291 373
292 373
337 373
39 374
89 374
142 374
181 374
194 374
204 374
235 374
48 375
53 375
100 375
191 375
213 375
22 376
46 376
144 376
152 376
200 376
225 376
236 376
23 377
89 377
244 377
282 377
306 377
73 378
88 378
117 378
319 378
357 378
73 379
166 379
232 379
303 379
34 380
60 380
94 380
174 380
186 380
301 380
318 380
379 380
40 381
89 381
202 381
219 381
226 381
370 381
18 382
137 382
226 382
253 382
293 382
337 382
355 382
356 382
45 383
327 383
377 383
106 384
155 384
295 384
367 384
12 385
50 385
55 385
205 385
246 385
3 386
83 386
160 386
170 386
176 386
252 386
284 386
300 386
344 386
4 387
101 387
119 387
205 387
274 387
351 387
386 387
2 388
15 388
24 388
71 388
90 388
148 388
175 388
209 388
228 388
324 388
36 389
125 389
129 389
140 389
181 389
185 389
218 389
282 389
293 389
324 389
340 389
344 389
190 390
221 390
241 390
250 390
272 390
295 390
310 390
339 390
352 390
60 391
218 391
390 391
57 392
74 392
116 392
169 392
217 392
234 392
322 392
383 392
113 393
123 393
180 393
186 393
187 393
271 393
345 393
32 394
71 394
108 394
112 394
219 394
346 394
357 394
19 395
84 395
261 395
269 395
312 395
338 395
384 395
20 396
66 396
67 396
136 396
172 396
220 396
241 396
265 396
314 396
348 396
381 396
390 396
105 397
158 397
277 397
386 397
24 398
43 398
114 398
146 398
164 398
197 398
221 398
222 398
361 398
374 398
71 399
111 399
143 399
154 399
159 399
184 399
185 399
198 399
223 399
250 399
283 399
287 399
370 399
22 400
54 400
87 400
128 400
134 400
149 400
162 400
178 400
320 400
358 400
379 400
14 401
162 401
169 401
238 401
285 401
294 401
304 401
377 401
383 401
192 402
261 402
268 402
337 402
30 403
61 403
83 403
90 403
185 403
203 403
283 403
401 403
28 404
233 404
248 404
259 404
361 404
363 404
366 404
53 405
134 405
188 405
237 405
291 405
391 405
1 406
28 406
36 406
45 406
117 406
120 406
131 406
154 406
160 406
177 406
315 406
339 406
360 406
32 407
176 407
205 407
206 407
249 407
268 407
384 407
18 408
20 408
162 408
340 408
372 408
373 408
21 409
36 409
54 409
126 409
250 409
265 409
271 409
396 409
20 410
76 410
89 410
187 410
263 410
283 410
406 410
36 411
106 411
155 411
175 411
233 411
271 411
300 411
349 411
45 412
358 412
371 412
377 412
382 412
84 413
115 413
188 413
203 413
298 413
343 413
1 414
37 414
44 414
55 414
77 414
85 414
97 414
147 414
150 414
151 414
173 414
200 414
268 414
297 414
364 414
24 415
156 415
172 415
211 415
323 415
343 415
4 416
49 416
89 416
102 416
134 416
140 416
143 416
200 416
278 416
305 416
373 416
94 417
219 417
227 417
229 417
360 417
406 417
11 418
13 418
91 418
98 418
121 418
207 418
236 418
252 418
273 418
298 418
339 418
358 418
399 418
28 419
60 419
87 419
91 419
149 419
183 419
226 419
281 419
291 419
351 419
7 420
44 420
101 420
164 420
286 420
299 420
302 420
303 420
312 420
393 420
418 420
13 421
63 421
66 421
72 421
87 421
134 421
203 421
226 421
267 421
289 421
335 421
35 422
38 422
64 422
209 422
18 423
42 423
63 423
68 423
141 423
165 423
173 423
229 423
292 423
294 423
295 423
296 423
308 423
346 423
28 424
34 424
145 424
158 424
175 424
212 424
287 424
388 424
145 425
172 425
192 425
212 425
233 425
413 425
421 425
16 426
26 426
57 426
84 426
86 426
87 426
122 426
217 426
232 426
237 426
324 426
408 426
69 427
72 427
163 427
167 427
188 427
190 427
266 427
279 427
284 427
335 427
338 427
372 427
14 428
101 428
175 428
193 428
194 428
195 428
304 428
314 428
21 429
42 429
162 429
163 429
199 429
290 429
328 429
357 429
358 429
375 429
427 429
27 430
33 430
36 430
99 430
158 430
212 430
246 430
99 431
198 431
214 431
233 431
257 431
347 431
409 431
122 432
145 432
172 432
244 432
268 432
317 432
10 433
46 433
60 433
104 433
245 433
275 433
315 433
414 433
13 434
98 434
111 434
168 434
181 434
183 434
195 434
308 434
329 434
18 435
38 435
61 435
82 435
133 435
216 435
265 435
269 435
275 435
280 435
299 435
310 435
322 435
337 435
373 435
0 436
33 436
43 436
75 436
137 436
193 436
303 436
323 436
347 436
370 436
411 436
412 436
9 437
42 437
100 437
136 437
200 437
210 437
248 437
265 437
271 437
408 437
18 438
78 438
152 438
156 438
178 438
239 438
324 438
103 439
136 439
195 439
254 439
257 439
286 439
319 439
354 439
362 439
424 439
11 440
80 440
151 440
245 440
339 440
350 440
374 440
424 440
430 440
161 441
199 441
205 441
238 441
249 441
362 441
373 441
433 441
52 442
111 442
117 442
156 442
255 442
302 442
303 442
309 442
322 442
344 442
432 442
7 443
12 443
16 443
63 443
62 444
131 444
202 444
246 444
262 444
331 444
367 444
38 445
67 445
72 445
157 445
170 445
225 445
302 445
304 445
332 445
153 446
209 446
262 446
291 446
154 447
171 447
185 447
220 447
309 447
7 448
73 448
77 448
89 448
95 448
149 448
197 448
209 448
298 448
301 448
353 448
411 448
36 449
60 449
91 449
170 449
307 449
360 449
375 449
381 449
431 449
56 450
77 450
200 450
213 450
252 450
311 450
99 451
118 451
124 451
159 451
271 451
325 451
333 451
364 451
39 452
98 452
102 452
137 452
202 452
219 452
284 452
340 452
352 452
354 452
382 452
391 452
16 453
46 453
107 453
142 453
172 453
252 453
261 453
306 453
349 453
373 453
395 453
402 453
411 453
415 453
14 454
53 454
105 454
118 454
185 454
208 454
211 454
229 454
280 454
297 454
316 454
340 454
398 454
430 454
449 454
22 455
46 455
155 455
176 455
235 455
256 455
272 455
287 455
309 455
351 455
397 455
446 455
5 456
131 456
198 456
205 456
211 456
224 456
238 456
250 456
368 456
60 457
69 457
114 457
155 457
257 457
302 457
354 457
4 458
17 458
33 458
68 458
128 458
151 458
165 458
170 458
172 458
181 458
188 458
373 458
376 458
74 459
107 459
151 459
317 459
332 459
7 460
68 460
71 460
94 460
113 460
150 460
152 460
188 460
197 460
214 460
218 460
244 460
272 460
320 460
329 460
390 460
445 460
26 461
84 461
106 461
129 461
228 461
454 461
5 462
18 462
25 462
47 462
119 462
229 462
429 462
444 462
18 463
50 463
85 463
103 463
107 463
133 463
142 463
320 463
334 463
366 463
415 463
438 463
21 464
48 464
163 464
239 464
260 464
285 464
386 464
402 464
11 465
13 465
47 465
65 465
86 465
142 465
164 465
188 465
216 465
222 465
224 465
227 465
235 465
264 465
307 465
354 465
366 465
416 465
428 465
463 465
40 466
71 466
102 466
105 466
182 466
228 466
334 466
396 466
400 466
17 467
25 467
87 467
114 467
140 467
247 467
340 467
9 468
53 468
149 468
203 468
266 468
398 468
442 468
443 468
87 469
139 469
146 469
194 469
236 469
286 469
313 469
17 470
219 470
268 470
279 470
296 470
379 470
384 470
442 470
458 470
72 471
88 471
108 471
114 471
154 471
178 471
199 471
207 471
242 471
246 471
274 471
284 471
332 471
29 472
40 472
53 472
63 472
81 472
93 472
291 472
294 472
363 472
23 473
53 473
78 473
304 473
351 473
388 473
440 473
460 473
0 474
33 474
76 474
271 474
297 474
380 474
408 474
0 475
191 475
235 475
247 475
252 475
266 475
307 475
366 475
13 476
115 476
180 476
354 476
360 476
363 476
397 476
402 476
421 476
462 476
464 476
29 477
42 477
106 477
116 477
126 477
137 477
185 477
235 477
242 477
274 477
372 477
379 477
402 477
50 478
66 478
96 478
324 478
385 478
406 478
421 478
446 478
472 478
81 479
84 479
96 479
99 479
180 479
218 479
253 479
295 479
348 479
374 479
475 479
211 480
275 480
324 480
0 481
37 481
139 481
174 481
204 481
222 481
294 481
356 481
434 481
464 481
138 482
209 482
221 482
281 482
283 482
290 482
335 482
352 482
361 482
52 483
83 483
201 483
322 483
437 483
452 483
27 484
32 484
127 484
158 484
171 484
181 484
216 484
309 484
330 484
389 484
425 484
92 485
162 485
191 485
329 485
335 485
380 485
416 485
439 485
14 486
60 486
118 486
157 486
205 486
210 486
253 486
269 486
273 486
277 486
285 486
320 486
465 486
471 486
482 486
154 487
190 487
205 487
220 487
244 487
326 487
372 487
389 487
24 488
35 488
61 488
165 488
168 488
195 488
295 488
371 488
425 488
428 488
61 489
71 489
81 489
166 489
182 489
184 489
245 489
287 489
304 489
344 489
362 489
417 489
3 490
11 490
32 490
70 490
256 490
359 490
402 490
68 491
82 491
143 491
184 491
297 491
328 491
365 491
377 491
381 491
420 491
29 492
77 492
158 492
174 492
206 492
228 492
242 492
257 492
443 492
490 492
37 493
65 493
74 493
112 493
296 493
308 493
350 493
381 493
466 493
490 493
49 494
88 494
214 494
228 494
242 494
391 494
402 494
416 494
9 495
35 495
100 495
105 495
186 495
205 495
233 495
279 495
411 495
420 495
470 495
473 495
479 495
47 496
138 496
182 496
214 496
222 496
296 496
310 496
366 496
416 496
488 496
44 497
115 497
131 497
244 497
406 497
413 497
49 498
74 498
82 498
85 498
236 498
239 498
310 498
442 498
479 498
30 499
47 499
82 499
95 499
109 499
232 499
247 499
305 499
386 499
395 499
412 499
472 499
56 500
85 500
221 500
225 500
237 500
288 500
291 500
295 500
429 500
477 500
16 501
23 501
68 501
110 501
111 501
137 501
234 501
294 501
329 501
342 501
347 501
367 501
390 501
392 501
413 501
446 501
486 501
495 501
22 502
166 502
189 502
283 502
316 502
332 502
67 503
106 503
143 503
190 503
318 503
383 503
17 504
187 504
379 504
426 504
428 504
436 504
484 504
10 505
92 505
119 505
196 505
222 505
321 505
344 505
351 505
361 505
408 505
460 505
470 505
474 505
58 506
104 506
132 506
172 506
190 506
237 506
265 506
324 506
361 506
393 506
411 506
423 506
493 506
1 507
23 507
60 507
158 507
159 507
214 507
221 507
273 507
289 507
330 507
393 507
401 507
429 507
431 507
127 508
306 508
385 508
499 508
16 509
29 509
40 509
42 509
118 509
330 509
435 509
491 509
75 510
108 510
202 510
211 510
232 510
257 510
272 510
291 510
344 510
19 511
39 511
105 511
187 511
233 511
235 511
238 511
243 511
309 511
21 512
75 512
239 512
258 512
288 512
292 512
438 512
501 512
103 513
263 513
351 513
436 513
58 514
87 514
139 514
145 514
148 514
151 514
203 514
286 514
293 514
487 514
498 514
14 515
40 515
103 515
137 515
174 515
284 515
295 515
382 515
447 515
15 516
63 516
92 516
108 516
209 516
240 516
256 516
364 516
421 516
60 517
78 517
169 517
230 517
275 517
304 517
336 517
356 517
379 517
446 517
479 517
60 518
119 518
144 518
145 518
168 518
182 518
360 518
361 518
381 518
457 518
512 518
47 519
174 519
247 519
276 519
343 519
516 519
101 520
107 520
110 520
236 520
242 520
260 520
278 520
504 520
46 521
63 521
217 521
477 521
511 521
26 522
47 522
170 522
212 522
302 522
317 522
326 522
417 522
474 522
16 523
18 523
384 523
390 523
391 523
395 523
420 523
421 523
484 523
31 524
62 524
64 524
87 524
117 524
132 524
192 524
229 524
250 524
281 524
315 524
316 524
328 524
358 524
436 524
13 525
36 525
88 525
114 525
122 525
161 525
180 525
203 525
366 525
408 525
414 525
477 525
514 525
2 526
54 526
80 526
88 526
200 526
214 526
247 526
251 526
448 526
64 527
82 527
193 527
254 527
288 527
306 527
366 527
459 527
507 527
512 527
14 528
28 528
63 528
66 528
149 528
245 528
299 528
491 528
517 528
7 529
12 529
38 529
104 529
106 529
117 529
125 529
195 529
288 529
300 529
302 529
399 529
441 529
33 530
96 530
134 530
148 530
224 530
403 530
421 530
429 530
456 530
488 530
28 531
44 531
72 531
173 531
211 531
230 531
353 531
390 531
400 531
462 531
480 531
527 531
226 532
298 532
326 532
329 532
361 532
447 532
486 532
531 532
12 533
46 533
95 533
116 533
142 533
155 533
198 533
236 533
340 533
471 533
63 534
138 534
210 534
235 534
379 534
408 534
443 534
453 534
458 534
515 534
10 535
17 535
53 535
89 535
104 535
124 535
212 535
219 535
236 535
244 535
288 535
402 535
465 535
488 535
519 535
91 536
246 536
247 536
260 536
268 536
320 536
344 536
413 536
436 536
461 536
463 536
480 536
487 536
491 536
502 536
515 536
65 537
154 537
203 537
246 537
320 537
449 537
456 537
470 537
511 537
529 537
536 537
52 538
63 538
174 538
196 538
200 538
229 538
283 538
299 538
382 538
387 538
432 538
525 538
29 539
35 539
87 539
93 539
133 539
162 539
234 539
312 539
412 539
433 539
446 539
496 539
515 539
6 540
8 540
43 540
78 540
90 540
93 540
102 540
140 540
169 540
208 540
227 540
258 540
376 540
406 540
471 540
505 540
531 540
170 541
186 541
188 541
260 541
437 541
500 541
8 542
59 542
88 542
89 542
104 542
367 542
509 542
533 542
0 543
3 543
30 543
36 543
65 543
117 543
119 543
120 543
165 543
173 543
246 543
307 543
469 543
474 543
526 543
530 543
18 544
86 544
164 544
188 544
263 544
270 544
302 544
325 544
333 544
385 544
400 544
447 544
492 544
520 544
63 545
280 545
303 545
305 545
320 545
322 545
349 545
385 545
392 545
479 545
488 545
534 545
535 545
539 545
4 546
15 546
21 546
92 546
214 546
238 546
283 546
292 546
496 546
5 547
27 547
57 547
82 547
107 547
150 547
165 547
224 547
313 547
355 547
408 547
421 547
12 548
95 548
119 548
183 548
290 548
381 548
398 548
453 548
506 548
513 548
80 549
137 549
260 549
322 549
386 549
408 549
430 549
490 549
515 549
527 549
23 550
79 550
116 550
183 550
331 550
332 550
341 550
366 550
410 550
433 550
438 550
485 550
490 550
508 550
5 551
13 551
53 551
68 551
126 551
282 551
305 551
388 551
460 551
528 551
16 552
60 552
87 552
241 552
267 552
282 552
308 552
316 552
327 552
381 552
404 552
438 552
451 552
548 552
5 553
24 553
63 553
130 553
212 553
215 553
237 553
248 553
306 553
333 553
340 553
526 553
7 554
47 554
109 554
143 554
180 554
259 554
264 554
330 554
394 554
426 554
540 554
30 555
142 555
163 555
213 555
234 555
237 555
262 555
302 555
369 555
400 555
428 555
534 555
547 555
61 556
77 556
98 556
123 556
153 556
176 556
199 556
227 556
233 556
265 556
346 556
360 556
384 556
449 556
484 556
534 556
549 556
23 557
72 557
111 557
131 557
187 557
277 557
303 557
551 557
13 558
25 558
33 558
85 558
136 558
156 558
164 558
196 558
347 558
440 558
498 558
5 559
16 559
18 559
27 559
29 559
148 559
184 559
234 559
235 559
372 559
409 559
484 559
485 559
4 560
45 560
106 560
168 560
199 560
337 560
446 560
86 561
87 561
95 561
151 561
218 561
292 561
313 561
336 561
348 561
448 561
453 561
484 561
7 562
19 562
113 562
175 562
239 562
302 562
311 562
362 562
460 562
470 562
498 562
505 562
516 562
559 562
114 563
137 563
151 563
152 563
170 563
184 563
257 563
272 563
312 563
329 563
493 563
497 563
124 564
141 564
156 564
164 564
205 564
215 564
222 564
283 564
307 564
350 564
428 564
444 564
488 564
519 564
63 565
81 565
116 565
149 565
170 565
216 565
283 565
526 565
232 566
270 566
307 566
314 566
446 566
466 566
482 566
21 567
25 567
65 567
133 567
257 567
489 567
492 567
538 567
550 567
16 568
51 568
69 568
161 568
175 568
199 568
209 568
238 568
253 568
284 568
393 568
490 568
522 568
540 568
16 569
109 569
203 569
207 569
243 569
283 569
288 569
297 569
301 569
340 569
343 569
383 569
480 569
484 569
549 569
54 570
253 570
301 570
480 570
490 570
508 570
565 570
28 571
36 571
51 571
59 571
73 571
152 571
195 571
212 571
287 571
372 571
428 571
481 571
501 571
509 571
515 571
548 571
60 572
94 572
113 572
140 572
159 572
175 572
200 572
241 572
260 572
344 572
360 572
374 572
389 572
476 572
531 572
550 572
26 573
55 573
72 573
84 573
129 573
253 573
317 573
435 573
447 573
480 573
497 573
564 573
565 573
126 574
197 574
234 574
386 574
463 574
486 574
553 574
570 574
46 575
76 575
296 575
312 575
328 575
404 575
428 575
21 576
58 576
61 576
71 576
109 576
265 576
454 576
463 576
35 577
112 577
271 577
320 577
459 577
509 577
16 578
110 578
113 578
163 578
234 578
276 578
368 578
370 578
465 578
574 578
83 579
174 579
195 579
266 579
283 579
380 579
424 579
432 579
443 579
521 579
558 579
573 579
54 580
96 580
116 580
164 580
182 580
289 580
333 580
377 580
398 580
426 580
545 580
579 580
12 581
68 581
92 581
150 581
216 581
263 581
343 581
384 581
421 581
509 581
542 581
568 581
37 582
64 582
84 582
130 582
148 582
372 582
384 582
34 583
39 583
96 583
159 583
195 583
331 583
391 583
401 583
97 584
177 584
309 584
359 584
366 584
464 584
496 584
541 584
567 584
45 585
59 585
139 585
171 585
185 585
268 585
396 585
405 585
435 585
442 585
475 585
521 585
104 586
143 586
181 586
255 586
332 586
339 586
407 586
467 586
536 586
108 587
146 587
150 587
174 587
221 587
234 587
303 587
320 587
343 587
377 587
50 588
198 588
208 588
219 588
282 588
297 588
308 588
338 588
358 588
372 588
403 588
467 588
544 588
573 588
19 589
38 589
56 589
112 589
136 589
175 589
184 589
517 589
564 589
97 590
98 590
143 590
151 590
199 590
201 590
210 590
223 590
240 590
275 590
308 590
315 590
421 590
424 590
438 590
516 590
10 591
28 591
103 591
160 591
227 591
268 591
282 591
306 591
479 591
520 591
527 591
7 592
133 592
144 592
158 592
187 592
205 592
241 592
267 592
269 592
310 592
344 592
432 592
543 592
22 593
108 593
144 593
230 593
242 593
355 593
412 593
436 593
504 593
51 594
132 594
152 594
165 594
189 594
221 594
249 594
292 594
297 594
476 594
591 594
0 595
111 595
166 595
180 595
230 595
238 595
293 595
306 595
434 595
443 595
474 595
480 595
499 595
30 596
215 596
240 596
258 596
444 596
450 596
451 596
479 596
523 596
538 596
566 596
570 596
66 597
70 597
201 597
235 597
301 597
541 597
585 597
588 597
51 598
60 598
96 598
130 598
142 598
143 598
187 598
234 598
267 598
279 598
325 598
386 598
430 598
473 598
485 598
500 598
9 599
68 599
405 599
477 599
538 599
568 599
581 599
9 600
131 600
187 600
444 600
467 600
471 600
566 600
44 601
90 601
137 601
163 601
180 601
345 601
390 601
473 601
505 601
560 601
567 601
39 602
74 602
76 602
104 602
165 602
248 602
261 602
264 602
496 602
518 602
41 603
79 603
139 603
159 603
195 603
250 603
251 603
368 603
419 603
481 603
524 603
555 603
583 603
587 603
4 604
12 604
83 604
101 604
128 604
137 604
185 604
315 604
473 604
510 604
517 604
569 604
19 605
28 605
58 605
90 605
96 605
117 605
203 605
212 605
280 605
302 605
328 605
371 605
443 605
503 605
514 605
579 605
119 606
137 606
171 606
189 606
194 606
271 606
331 606
333 606
416 606
475 606
495 606
555 606
574 606
582 606
23 607
115 607
249 607
284 607
286 607
397 607
401 607
457 607
480 607
493 607
502 607
541 607
598 607
0 608
63 608
84 608
132 608
159 608
207 608
233 608
291 608
294 608
337 608
381 608
418 608
442 608
445 608
457 608
534 608
579 608
603 608
46 609
108 609
127 609
143 609
157 609
165 609
178 609
182 609
206 609
240 609
297 609
474 609
502 609
582 609
593 609
30 610
42 610
68 610
93 610
103 610
129 610
152 610
223 610
331 610
372 610
393 610
396 610
407 610
445 610
528 610
604 610
27 611
85 611
96 611
245 611
265 611
280 611
367 611
370 611
489 611
524 611
41 612
47 612
111 612
148 612
259 612
291 612
309 612
313 612
326 612
330 612
350 612
383 612
390 612
395 612
464 612
480 612
499 612
63 613
138 613
139 613
173 613
249 613
287 613
288 613
304 613
341 613
355 613
380 613
408 613
521 613
540 613
46 614
98 614
103 614
144 614
256 614
319 614
328 614
409 614
418 614
428 614
442 614
447 614
611 614
6 615
106 615
155 615
195 615
418 615
485 615
492 615
498 615
520 615
530 615
34 616
62 616
70 616
132 616
147 616
217 616
290 616
451 616
457 616
488 616
510 616
562 616
601 616
7 617
110 617
177 617
307 617
356 617
453 617
476 617
526 617
561 617
610 617
21 618
77 618
163 618
209 618
256 618
293 618
322 618
325 618
410 618
447 618
459 618
464 618
556 618
129 619
133 619
191 619
261 619
288 619
289 619
293 619
328 619
396 619
471 619
553 619
564 619
584 619
0 620
19 620
30 620
51 620
111 620
165 620
223 620
552 620
589 620
4 621
28 621
69 621
90 621
135 621
160 621
225 621
233 621
235 621
277 621
310 621
322 621
352 621
380 621
381 621
383 621
445 621
465 621
492 621
510 621
519 621
522 621
543 621
545 621
617 621
6 622
61 622
76 622
136 622
141 622
145 622
204 622
216 622
235 622
268 622
271 622
297 622
373 622
424 622
516 622
550 622
570 622
573 622
588 622
589 622
592 622
1 623
6 623
89 623
93 623
102 623
182 623
214 623
259 623
263 623
267 623
274 623
296 623
319 623
443 623
481 623
493 623
527 623
540 623
2 624
35 624
54 624
130 624
186 624
250 624
294 624
335 624
336 624
356 624
372 624
391 624
480 624
572 624
605 624
617 624
12 625
34 625
143 625
157 625
206 625
245 625
272 625
276 625
332 625
404 625
411 625
474 625
565 625
566 625
596 625
603 625
83 626
172 626
217 626
291 626
359 626
411 626
481 626
507 626
509 626
546 626
596 626
605 626
616 626
17 627
70 627
81 627
83 627
107 627
174 627
293 627
321 627
329 627
357 627
512 627
538 627
540 627
14 628
38 628
44 628
68 628
98 628
160 628
277 628
317 628
326 628
477 628
495 628
129 629
146 629
195 629
232 629
269 629
335 629
368 629
383 629
457 629
523 629
567 629
568 629
2 630
50 630
117 630
150 630
223 630
235 630
351 630
365 630
386 630
574 630
167 631
300 631
347 631
358 631
370 631
392 631
396 631
433 631
470 631
526 631
543 631
586 631
627 631
48 632
147 632
219 632
300 632
366 632
387 632
430 632
446 632
476 632
482 632
487 632
526 632
68 633
80 633
116 633
132 633
200 633
456 633
469 633
513 633
528 633
541 633
544 633
26 634
53 634
74 634
89 634
126 634
151 634
177 634
261 634
268 634
333 634
363 634
537 634
555 634
593 634
603 634
614 634
26 635
94 635
157 635
205 635
241 635
300 635
317 635
335 635
511 635
516 635
542 635
577 635
34 636
69 636
162 636
219 636
271 636
279 636
310 636
359 636
373 636
374 636
436 636
485 636
513 636
604 636
70 637
114 637
262 637
271 637
313 637
361 637
365 637
437 637
529 637
532 637
533 637
20 638
134 638
171 638
290 638
362 638
389 638
419 638
422 638
489 638
534 638
600 638
617 638
38 639
75 639
195 639
309 639
316 639
384 639
385 639
402 639
448 639
474 639
475 639
492 639
500 639
581 639
584 639
615 639
52 640
62 640
84 640
132 640
140 640
155 640
301 640
302 640
306 640
327 640
329 640
382 640
486 640
498 640
581 640
599 640
638 640
19 641
171 641
172 641
281 641
320 641
329 641
375 641
439 641
476 641
529 641
28 642
54 642
196 642
227 642
255 642
525 642
566 642
593 642
0 643
160 643
277 643
278 643
333 643
352 643
353 643
379 643
501 643
538 643
554 643
628 643
131 644
138 644
140 644
327 644
394 644
436 644
512 644
550 644
558 644
585 644
627 644
638 644
47 645
93 645
103 645
111 645
157 645
190 645
230 645
238 645
403 645
426 645
565 645
576 645
585 645
603 645
621 645
13 646
183 646
224 646
260 646
358 646
391 646
482 646
487 646
538 646
103 647
175 647
197 647
206 647
347 647
427 647
507 647
562 647
583 647
625 647
12 648
22 648
42 648
67 648
188 648
193 648
303 648
392 648
467 648
540 648
587 648
606 648
607 648
56 649
95 649
219 649
237 649
337 649
358 649
362 649
379 649
502 649
531 649
559 649
70 650
153 650
175 650
190 650
225 650
246 650
286 650
307 650
454 650
640 650
142 651
209 651
213 651
246 651
272 651
278 651
316 651
357 651
375 651
419 651
487 651
43 652
60 652
100 652
142 652
195 652
348 652
432 652
486 652
640 652
26 653
32 653
68 653
96 653
113 653
132 653
142 653
303 653
308 653
379 653
380 653
454 653
583 653
95 654
191 654
202 654
251 654
346 654
407 654
449 654
517 654
573 654
592 654
611 654
10 655
59 655
70 655
76 655
80 655
101 655
136 655
281 655
464 655
526 655
544 655
634 655
91 656
130 656
143 656
163 656
215 656
218 656
238 656
288 656
351 656
458 656
543 656
599 656
52 657
73 657
297 657
355 657
388 657
398 657
508 657
539 657
544 657
84 658
118 658
119 658
125 658
130 658
157 658
173 658
210 658
293 658
348 658
370 658
471 658
544 658
570 658
590 658
47 659
59 659
119 659
165 659
266 659
267 659
289 659
436 659
517 659
574 659
615 659
66 660
142 660
180 660
303 660
327 660
344 660
388 660
513 660
517 660
568 660
597 660
611 660
2 661
12 661
58 661
86 661
91 661
217 661
320 661
468 661
481 661
560 661
637 661
646 661
55 662
165 662
213 662
237 662
266 662
284 662
344 662
364 662
473 662
500 662
506 662
557 662
583 662
134 663
169 663
196 663
226 663
287 663
304 663
388 663
485 663
562 663
590 663
610 663
41 664
46 664
96 664
126 664
182 664
200 664
257 664
331 664
473 664
565 664
53 665
97 665
223 665
283 665
430 665
433 665
447 665
608 665
618 665
641 665
6 666
51 666
110 666
176 666
185 666
215 666
225 666
237 666
299 666
399 666
416 666
457 666
493 666
502 666
565 666
571 666
619 666
5 667
14 667
36 667
98 667
136 667
332 667
376 667
411 667
438 667
512 667
23 668
30 668
75 668
213 668
220 668
293 668
331 668
364 668
369 668
411 668
452 668
536 668
72 669
87 669
109 669
139 669
178 669
225 669
343 669
352 669
353 669
436 669
515 669
545 669
34 670
197 670
274 670
280 670
358 670
368 670
421 670
474 670
500 670
525 670
539 670
576 670
596 670
651 670
654 670
3 671
17 671
73 671
142 671
198 671
238 671
281 671
332 671
427 671
531 671
545 671
554 671
582 671
585 671
590 671
594 671
25 672
210 672
289 672
370 672
397 672
443 672
464 672
465 672
476 672
511 672
523 672
596 672
649 672
22 673
137 673
149 673
245 673
320 673
346 673
418 673
499 673
578 673
589 673
604 673
658 673
0 674
2 674
146 674
157 674
297 674
451 674
537 674
585 674
591 674
661 674
12 675
40 675
60 675
141 675
142 675
270 675
352 675
378 675
389 675
399 675
460 675
543 675
611 675
613 675
2 676
9 676
33 676
47 676
81 676
213 676
245 676
288 676
306 676
315 676
345 676
371 676
419 676
487 676
492 676
564 676
590 676
612 676
621 676
114 677
186 677
287 677
305 677
401 677
412 677
427 677
464 677
492 677
508 677
570 677
581 677
670 677
156 678
169 678
264 678
277 678
299 678
309 678
330 678
377 678
497 678
545 678
605 678
633 678
127 679
209 679
343 679
394 679
405 679
452 679
456 679
472 679
484 679
538 679
628 679
652 679
656 679
664 679
63 680
67 680
97 680
145 680
150 680
169 680
223 680
230 680
290 680
416 680
551 680
62 681
70 681
85 681
87 681
207 681
213 681
242 681
296 681
486 681
487 681
575 681
91 682
229 682
255 682
267 682
279 682
413 682
482 682
639 682
646 682
679 682
54 683
77 683
82 683
106 683
233 683
265 683
362 683
402 683
443 683
494 683
555 683
581 683
626 683
658 683
664 683
667 683
17 684
48 684
49 684
117 684
135 684
191 684
208 684
265 684
284 684
335 684
432 684
468 684
481 684
489 684
512 684
519 684
521 684
548 684
573 684
609 684
58 685
205 685
215 685
309 685
468 685
500 685
506 685
525 685
577 685
599 685
619 685
31 686
103 686
118 686
138 686
157 686
167 686
186 686
200 686
234 686
368 686
494 686
649 686
43 687
54 687
110 687
134 687
158 687
249 687
264 687
269 687
276 687
311 687
336 687
433 687
434 687
435 687
505 687
533 687
656 687
23 688
53 688
158 688
193 688
221 688
258 688
261 688
288 688
325 688
416 688
433 688
438 688
498 688
528 688
612 688
626 688
3 689
31 689
54 689
92 689
176 689
306 689
406 689
428 689
652 689
684 689
24 690
36 690
90 690
128 690
192 690
225 690
268 690
327 690
375 690
399 690
476 690
504 690
539 690
604 690
632 690
6 691
31 691
47 691
93 691
138 691
150 691
184 691
226 691
249 691
289 691
306 691
337 691
388 691
470 691
591 691
609 691
653 691
655 691
690 691
159 692
178 692
204 692
249 692
321 692
330 692
519 692
532 692
558 692
590 692
604 692
678 692
680 692
40 693
136 693
181 693
229 693
280 693
340 693
465 693
468 693
556 693
576 693
597 693
611 693
7 694
10 694
13 694
79 694
99 694
190 694
309 694
509 694
515 694
556 694
594 694
600 694
604 694
631 694
638 694
674 694
303 695
391 695
567 695
576 695
618 695
627 695
684 695
691 695
189 696
208 696
296 696
297 696
338 696
347 696
378 696
466 696
495 696
541 696
557 696
17 697
57 697
82 697
88 697
152 697
205 697
253 697
285 697
290 697
299 697
307 697
317 697
380 697
427 697
477 697
485 697
520 697
523 697
571 697
676 697
4 698
5 698
28 698
116 698
163 698
189 698
240 698
249 698
290 698
314 698
329 698
400 698
422 698
439 698
461 698
508 698
548 698
640 698
691 698
1 699
37 699
81 699
157 699
245 699
324 699
358 699
360 699
435 699
447 699
503 699
582 699
594 699
624 699
671 699
5 700
36 700
39 700
99 700
209 700
215 700
217 700
247 700
312 700
329 700
330 700
340 700
369 700
462 700
478 700
496 700
564 700
664 700
667 700
677 700
25 701
114 701
121 701
129 701
152 701
273 701
288 701
370 701
435 701
453 701
492 701
502 701
515 701
595 701
694 701
38 702
56 702
58 702
65 702
74 702
85 702
121 702
180 702
213 702
232 702
236 702
379 702
384 702
463 702
503 702
510 702
560 702
612 702
34 703
61 703
122 703
165 703
229 703
260 703
417 703
457 703
469 703
504 703
609 703
638 703
653 703
680 703
5 704
25 704
77 704
94 704
107 704
137 704
139 704
152 704
169 704
208 704
263 704
289 704
301 704
309 704
377 704
501 704
554 704
581 704
616 704
655 704
695 704
4 705
43 705
57 705
77 705
98 705
156 705
193 705
211 705
249 705
314 705
342 705
347 705
385 705
618 705
632 705
649 705
676 705
18 706
85 706
168 706
256 706
318 706
377 706
455 706
476 706
492 706
542 706
549 706
555 706
671 706
16 707
36 707
45 707
73 707
95 707
111 707
179 707
198 707
283 707
303 707
355 707
358 707
450 707
643 707
692 707
10 708
28 708
82 708
227 708
285 708
339 708
362 708
501 708
519 708
550 708
6 709
16 709
21 709
24 709
42 709
64 709
94 709
266 709
300 709
336 709
411 709
442 709
443 709
526 709
537 709
579 709
614 709
672 709
39 710
154 710
214 710
243 710
250 710
306 710
374 710
379 710
438 710
469 710
495 710
535 710
597 710
662 710
94 711
176 711
193 711
206 711
273 711
384 711
492 711
495 711
532 711
554 711
597 711
626 711
656 711
6 712
87 712
115 712
122 712
206 712
262 712
305 712
326 712
361 712
445 712
517 712
525 712
627 712
692 712
693 712
19 713
42 713
47 713
172 713
231 713
283 713
336 713
442 713
449 713
598 713
602 713
606 713
607 713
645 713
47 714
99 714
231 714
288 714
292 714
334 714
339 714
348 714
362 714
485 714
499 714
584 714
679 714
702 714
196 715
215 715
301 715
339 715
387 715
434 715
582 715
637 715
644 715
651 715
686 715
699 715
27 716
42 716
61 716
71 716
75 716
109 716
120 716
164 716
236 716
243 716
271 716
306 716
359 716
380 716
527 716
593 716
606 716
623 716
14 717
94 717
206 717
249 717
319 717
376 717
434 717
449 717
484 717
490 717
578 717
618 717
652 717
679 717
47 718
52 718
86 718
88 718
404 718
491 718
639 718
24 719
225 719
227 719
301 719
543 719
69 720
133 720
224 720
230 720
265 720
279 720
383 720
390 720
417 720
563 720
573 720
578 720
580 720
608 720
618 720
654 720
23 721
58 721
69 721
82 721
115 721
125 721
157 721
221 721
249 721
327 721
338 721
395 721
405 721
424 721
458 721
656 721
690 721
719 721
122 722
129 722
152 722
192 722
263 722
287 722
309 722
314 722
406 722
407 722
643 722
655 722
657 722
679 722
683 722
75 723
310 723
312 723
330 723
348 723
374 723
451 723
465 723
532 723
545 723
555 723
589 723
622 723
1 724
25 724
43 724
47 724
52 724
60 724
330 724
336 724
372 724
400 724
449 724
461 724
539 724
540 724
576 724
653 724
706 724
54 725
98 725
128 725
177 725
186 725
258 725
291 725
335 725
445 725
492 725
513 725
514 725
526 725
565 725
618 725
647 725
663 725
677 725
31 726
40 726
304 726
326 726
383 726
423 726
442 726
480 726
589 726
625 726
626 726
655 726
667 726
681 726
712 726
718 726
49 727
148 727
249 727
260 727
296 727
338 727
440 727
478 727
490 727
516 727
15 728
89 728
149 728
164 728
180 728
230 728
350 728
548 728
637 728
696 728
713 728
90 729
130 729
160 729
220 729
358 729
377 729
383 729
399 729
405 729
416 729
510 729
535 729
580 729
584 729
651 729
4 730
6 730
67 730
189 730
275 730
362 730
384 730
492 730
499 730
571 730
577 730
27 731
30 731
48 731
175 731
182 731
192 731
207 731
233 731
234 731
294 731
329 731
451 731
465 731
668 731
671 731
722 731
27 732
36 732
59 732
72 732
273 732
290 732
412 732
423 732
428 732
539 732
562 732
589 732
602 732
610 732
649 732
702 732
141 733
155 733
177 733
185 733
249 733
320 733
386 733
487 733
567 733
586 733
598 733
668 733
710 733
112 734
124 734
262 734
269 734
323 734
431 734
563 734
604 734
700 734
705 734
9 735
62 735
74 735
206 735
207 735
239 735
320 735
323 735
459 735
505 735
514 735
525 735
545 735
599 735
5 736
22 736
58 736
59 736
99 736
168 736
175 736
228 736
235 736
321 736
333 736
391 736
418 736
492 736
613 736
702 736
67 737
90 737
139 737
169 737
260 737
301 737
351 737
506 737
534 737
546 737
605 737
611 737
630 737
701 737
714 737
721 737
113 738
125 738
128 738
143 738
213 738
314 738
315 738
392 738
403 738
423 738
593 738
655 738
71 739
85 739
135 739
521 739
527 739
535 739
550 739
637 739
650 739
657 739
725 739
202 740
251 740
333 740
342 740
366 740
393 740
469 740
534 740
567 740
584 740
598 740
607 740
665 740
695 740
729 740
1 741
60 741
83 741
111 741
157 741
169 741
246 741
262 741
284 741
286 741
478 741
521 741
605 741
693 741
710 741
44 742
104 742
159 742
328 742
343 742
375 742
386 742
413 742
490 742
562 742
635 742
704 742
717 742
61 743
71 743
83 743
113 743
126 743
139 743
209 743
241 743
244 743
247 743
320 743
328 743
377 743
480 743
580 743
600 743
669 743
708 743
1 744
92 744
134 744
136 744
396 744
444 744
478 744
564 744
713 744
734 744
28 745
65 745
76 745
120 745
126 745
153 745
174 745
190 745
212 745
261 745
310 745
312 745
442 745
473 745
484 745
491 745
492 745
502 745
508 745
593 745
680 745
731 745
1 746
67 746
158 746
181 746
248 746
310 746
315 746
454 746
541 746
543 746
552 746
557 746
659 746
718 746
730 746
4 747
112 747
170 747
173 747
281 747
286 747
321 747
393 747
397 747
425 747
443 747
444 747
464 747
517 747
562 747
635 747
704 747
61 748
186 748
196 748
211 748
230 748
277 748
312 748
322 748
362 748
382 748
400 748
517 748
570 748
582 748
585 748
620 748
634 748
675 748
29 749
189 749
206 749
234 749
252 749
284 749
323 749
376 749
472 749
492 749
506 749
511 749
518 749
524 749
28 750
50 750
71 750
72 750
80 750
83 750
140 750
302 750
332 750
337 750
492 750
498 750
534 750
556 750
628 750
674 750
725 750
746 750
161 751
191 751
330 751
367 751
436 751
454 751
508 751
637 751
709 751
17 752
51 752
182 752
263 752
321 752
373 752
393 752
482 752
567 752
629 752
714 752
19 753
42 753
90 753
336 753
458 753
485 753
504 753
554 753
600 753
650 753
735 753
4 754
7 754
31 754
79 754
103 754
123 754
226 754
335 754
383 754
405 754
439 754
479 754
643 754
712 754
719 754
88 755
177 755
283 755
317 755
334 755
375 755
382 755
497 755
502 755
513 755
553 755
582 755
588 755
646 755
691 755
22 756
52 756
53 756
108 756
199 756
272 756
363 756
534 756
579 756
613 756
667 756
670 756
221 757
258 757
290 757
301 757
363 757
409 757
430 757
457 757
465 757
466 757
568 757
594 757
633 757
665 757
714 757
86 758
139 758
145 758
205 758
255 758
257 758
319 758
388 758
445 758
488 758
615 758
638 758
745 758
20 759
22 759
41 759
191 759
234 759
331 759
378 759
385 759
392 759
476 759
545 759
576 759
634 759
694 759
31 760
34 760
43 760
48 760
63 760
107 760
184 760
198 760
219 760
345 760
355 760
383 760
443 760
526 760
601 760
612 760
613 760
683 760
709 760
731 760
736 760
49 761
89 761
135 761
151 761
294 761
394 761
396 761
480 761
537 761
558 761
626 761
684 761
742 761
87 762
243 762
336 762
462 762
469 762
530 762
687 762
733 762
747 762
749 762
271 763
283 763
416 763
481 763
507 763
539 763
553 763
556 763
624 763
632 763
649 763
711 763
719 763
730 763
2 764
70 764
190 764
301 764
333 764
353 764
373 764
393 764
421 764
438 764
449 764
583 764
584 764
678 764
730 764
0 765
106 765
115 765
249 765
337 765
366 765
393 765
444 765
513 765
683 765
716 765
117 766
162 766
212 766
363 766
368 766
424 766
555 766
568 766
642 766
643 766
650 766
675 766
677 766
692 766
748 766
18 767
100 767
188 767
190 767
221 767
222 767
241 767
248 767
266 767
304 767
305 767
314 767
348 767
432 767
438 767
540 767
593 767
648 767
684 767
686 767
733 767
754 767
129 768
147 768
231 768
236 768
241 768
253 768
501 768
638 768
644 768
700 768
741 768
24 769
100 769
240 769
269 769
362 769
371 769
404 769
412 769
421 769
490 769
642 769
40 770
60 770
62 770
111 770
137 770
292 770
328 770
340 770
361 770
377 770
392 770
475 770
568 770
600 770
644 770
650 770
654 770
664 770
703 770
751 770
29 771
50 771
61 771
91 771
99 771
109 771
127 771
188 771
249 771
295 771
314 771
340 771
402 771
588 771
606 771
652 771
687 771
694 771
727 771
38 772
66 772
81 772
85 772
270 772
290 772
297 772
339 772
367 772
468 772
530 772
540 772
574 772
590 772
669 772
677 772
700 772
44 773
45 773
81 773
100 773
130 773
200 773
286 773
290 773
359 773
363 773
431 773
467 773
473 773
479 773
519 773
587 773
694 773
11 774
26 774
42 774
85 774
188 774
248 774
292 774
303 774
315 774
339 774
376 774
378 774
461 774
574 774
581 774
663 774
771 774
69 775
105 775
205 775
569 775
612 775
615 775
634 775
695 775
736 775
761 775
769 775
12 776
119 776
134 776
189 776
254 776
347 776
357 776
398 776
439 776
529 776
709 776
761 776
54 777
95 777
101 777
142 777
190 777
234 777
365 777
382 777
396 777
437 777
443 777
485 777
496 777
499 777
568 777
656 777
677 777
698 777
701 777
742 777
56 778
175 778
176 778
220 778
242 778
274 778
324 778
386 778
389 778
394 778
489 778
514 778
640 778
737 778
770 778
83 779
123 779
134 779
165 779
224 779
435 779
474 779
518 779
560 779
589 779
597 779
721 779
722 779
766 779
9 780
11 780
25 780
442 780
480 780
493 780
522 780
534 780
556 780
573 780
578 780
589 780
755 780
40 781
47 781
104 781
165 781
191 781
220 781
253 781
265 781
301 781
576 781
698 781
760 781
80 782
197 782
198 782
316 782
347 782
369 782
453 782
512 782
522 782
624 782
659 782
723 782
89 783
112 783
380 783
395 783
495 783
530 783
577 783
678 783
718 783
735 783
768 783
778 783
55 784
114 784
184 784
282 784
327 784
531 784
562 784
619 784
653 784
681 784
736 784
74 785
164 785
177 785
220 785
302 785
317 785
405 785
532 785
544 785
571 785
578 785
633 785
685 785
696 785
699 785
720 785
28 786
60 786
168 786
249 786
273 786
306 786
339 786
436 786
438 786
505 786
602 786
684 786
686 786
700 786
720 786
785 786
102 787
184 787
194 787
203 787
264 787
294 787
298 787
537 787
548 787
590 787
639 787
760 787
92 788
166 788
196 788
203 788
310 788
318 788
359 788
510 788
515 788
567 788
1 789
40 789
43 789
120 789
165 789
220 789
252 789
427 789
440 789
603 789
700 789
32 790
86 790
88 790
235 790
239 790
246 790
259 790
381 790
441 790
592 790
612 790
626 790
627 790
674 790
707 790
756 790
7 791
13 791
41 791
234 791
242 791
278 791
324 791
386 791
408 791
414 791
421 791
488 791
490 791
523 791
529 791
534 791
542 791
590 791
626 791
634 791
716 791
10 792
39 792
65 792
180 792
192 792
211 792
285 792
309 792
552 792
583 792
594 792
609 792
624 792
681 792
721 792
6 793
106 793
184 793
254 793
266 793
270 793
292 793
376 793
548 793
573 793
589 793
603 793
604 793
756 793
1 794
57 794
95 794
174 794
216 794
241 794
249 794
255 794
298 794
320 794
350 794
391 794
396 794
405 794
425 794
433 794
452 794
497 794
525 794
597 794
649 794
662 794
697 794
708 794
766 794
776 794
1 795
15 795
43 795
73 795
140 795
239 795
275 795
331 795
378 795
408 795
451 795
483 795
526 795
534 795
536 795
537 795
547 795
578 795
588 795
686 795
720 795
745 795
1 796
37 796
43 796
53 796
132 796
141 796
150 796
158 796
188 796
204 796
214 796
259 796
421 796
569 796
585 796
602 796
614 796
617 796
697 796
699 796
752 796
47 797
50 797
72 797
85 797
102 797
392 797
421 797
476 797
554 797
558 797
610 797
614 797
617 797
774 797
781 797
39 798
62 798
127 798
135 798
148 798
268 798
324 798
439 798
502 798
534 798
620 798
629 798
708 798
743 798
761 798
138 799
167 799
182 799
217 799
220 799
303 799
373 799
383 799
485 799
493 799
533 799
538 799
548 799
622 799
665 799
710 799
738 799
792 799
10 800
60 800
106 800
167 800
199 800
296 800
321 800
332 800
378 800
407 800
511 800
519 800
604 800
677 800
719 800
761 800
89 801
123 801
166 801
196 801
321 801
333 801
358 801
378 801
477 801
491 801
502 801
528 801
666 801
775 801
784 801
49 802
143 802
241 802
254 802
328 802
413 802
419 802
459 802
515 802
615 802
620 802
654 802
688 802
766 802
3 803
68 803
70 803
109 803
172 803
239 803
257 803
265 803
307 803
318 803
406 803
442 803
449 803
451 803
523 803
547 803
603 803
606 803
620 803
641 803
672 803
712 803
762 803
763 803
10 804
32 804
58 804
112 804
188 804
197 804
248 804
267 804
279 804
304 804
315 804
332 804
478 804
514 804
535 804
639 804
702 804
707 804
721 804
742 804
759 804
774 804
44 805
72 805
95 805
107 805
273 805
308 805
318 805
337 805
352 805
367 805
418 805
437 805
442 805
445 805
576 805
623 805
721 805
21 806
39 806
60 806
74 806
109 806
255 806
282 806
287 806
452 806
485 806
547 806
663 806
684 806
689 806
744 806
756 806
758 806
59 807
64 807
74 807
80 807
94 807
195 807
202 807
204 807
278 807
305 807
339 807
423 807
506 807
525 807
530 807
602 807
629 807
663 807
664 807
747 807
121 808
224 808
226 808
257 808
264 808
330 808
337 808
352 808
398 808
426 808
455 808
461 808
536 808
542 808
559 808
714 808
722 808
737 808
789 808
51 809
134 809
194 809
223 809
273 809
352 809
389 809
585 809
587 809
591 809
688 809
698 809
738 809
784 809
791 809
103 810
140 810
237 810
369 810
462 810
486 810
531 810
570 810
582 810
640 810
643 810
25 811
163 811
307 811
375 811
407 811
412 811
533 811
572 811
598 811
622 811
702 811
725 811
767 811
802 811
803 811
152 812
158 812
184 812
223 812
300 812
319 812
340 812
434 812
446 812
477 812
502 812
682 812
746 812
768 812
792 812
202 813
236 813
294 813
345 813
582 813
599 813
664 813
683 813
50 814
105 814
151 814
202 814
286 814
311 814
312 814
365 814
374 814
423 814
511 814
516 814
529 814
536 814
541 814
550 814
581 814
606 814
617 814
84 815
267 815
406 815
519 815
524 815
525 815
556 815
614 815
628 815
650 815
676 815
690 815
699 815
774 815
804 815
810 815
38 816
49 816
82 816
117 816
164 816
270 816
326 816
359 816
391 816
457 816
483 816
542 816
639 816
706 816
740 816
36 817
52 817
150 817
176 817
297 817
305 817
330 817
332 817
367 817
379 817
435 817
440 817
457 817
490 817
697 817
724 817
727 817
749 817
20 818
88 818
104 818
147 818
160 818
194 818
237 818
245 818
261 818
323 818
507 818
544 818
571 818
719 818
743 818
794 818
65 819
69 819
101 819
140 819
182 819
207 819
239 819
251 819
375 819
406 819
426 819
511 819
624 819
633 819
637 819
670 819
689 819
696 819
699 819
734 819
47 820
179 820
184 820
245 820
284 820
346 820
450 820
451 820
550 820
567 820
695 820
702 820
766 820
777 820
30 821
35 821
54 821
75 821
182 821
316 821
326 821
388 821
390 821
452 821
533 821
581 821
713 821
811 821
27 822
39 822
55 822
56 822
185 822
250 822
279 822
318 822
321 822
510 822
599 822
614 822
10 823
35 823
165 823
179 823
195 823
242 823
293 823
356 823
367 823
484 823
664 823
679 823
682 823
735 823
798 823
98 824
114 824
190 824
236 824
308 824
331 824
407 824
421 824
604 824
629 824
653 824
722 824
725 824
763 824
767 824
17 825
157 825
173 825
243 825
273 825
296 825
309 825
315 825
363 825
368 825
371 825
381 825
382 825
410 825
426 825
442 825
443 825
444 825
472 825
512 825
535 825
562 825
577 825
620 825
630 825
663 825
746 825
757 825
810 825
5 826
12 826
26 826
38 826
101 826
108 826
121 826
137 826
190 826
246 826
252 826
260 826
280 826
362 826
431 826
491 826
498 826
601 826
637 826
670 826
756 826
28 827
83 827
88 827
91 827
147 827
172 827
197 827
234 827
268 827
323 827
330 827
336 827
532 827
552 827
766 827
112 828
134 828
137 828
202 828
215 828
248 828
282 828
352 828
362 828
403 828
415 828
474 828
516 828
602 828
667 828
686 828
694 828
719 828
736 828
758 828
809 828
41 829
42 829
75 829
105 829
109 829
139 829
140 829
164 829
322 829
354 829
383 829
453 829
499 829
554 829
609 829
618 829
682 829
805 829
159 830
218 830
226 830
259 830
351 830
400 830
445 830
466 830
564 830
581 830
612 830
681 830
770 830
32 831
33 831
130 831
299 831
341 831
352 831
362 831
371 831
394 831
480 831
523 831
656 831
685 831
755 831
794 831
804 831
820 831
23 832
36 832
90 832
138 832
148 832
159 832
195 832
212 832
281 832
302 832
326 832
410 832
418 832
424 832
507 832
511 832
548 832
554 832
613 832
732 832
766 832
807 832
819 832
23 833
125 833
229 833
302 833
322 833
351 833
414 833
422 833
469 833
653 833
738 833
755 833
774 833
39 834
81 834
142 834
155 834
185 834
201 834
427 834
474 834
498 834
526 834
532 834
589 834
599 834
671 834
717 834
749 834
76 835
93 835
113 835
137 835
143 835
188 835
239 835
412 835
427 835
492 835
530 835
564 835
610 835
619 835
652 835
721 835
754 835
12 836
20 836
53 836
103 836
154 836
174 836
204 836
226 836
283 836
439 836
453 836
548 836
559 836
612 836
708 836
745 836
753 836
772 836
805 836
7 837
23 837
214 837
230 837
291 837
295 837
334 837
353 837
528 837
583 837
622 837
709 837
749 837
764 837
816 837
27 838
64 838
108 838
118 838
143 838
205 838
217 838
219 838
229 838
249 838
262 838
287 838
348 838
387 838
475 838
593 838
641 838
647 838
660 838
745 838
769 838
777 838
809 838
821 838
828 838
39 839
45 839
90 839
155 839
207 839
257 839
266 839
284 839
327 839
368 839
459 839
572 839
619 839
685 839
696 839
698 839
822 839
105 840
148 840
177 840
306 840
343 840
388 840
454 840
463 840
488 840
503 840
556 840
571 840
580 840
620 840
628 840
778 840
72 841
83 841
132 841
157 841
161 841
235 841
246 841
264 841
339 841
435 841
483 841
559 841
567 841
572 841
574 841
659 841
735 841
760 841
792 841
823 841
829 841
20 842
134 842
213 842
229 842
306 842
376 842
399 842
417 842
430 842
490 842
498 842
553 842
675 842
703 842
720 842
777 842
29 843
73 843
85 843
120 843
241 843
252 843
263 843
429 843
460 843
483 843
488 843
523 843
633 843
757 843
35 844
136 844
288 844
297 844
315 844
335 844
380 844
389 844
506 844
524 844
551 844
559 844
584 844
600 844
651 844
760 844
765 844
774 844
784 844
117 845
198 845
238 845
284 845
319 845
340 845
408 845
423 845
452 845
479 845
499 845
604 845
739 845
778 845
75 846
291 846
295 846
448 846
519 846
525 846
546 846
571 846
576 846
587 846
599 846
620 846
692 846
753 846
792 846
798 846
64 847
114 847
275 847
333 847
359 847
403 847
466 847
533 847
666 847
732 847
771 847
5 848
23 848
34 848
89 848
154 848
178 848
296 848
356 848
389 848
392 848
395 848
438 848
461 848
496 848
626 848
648 848
654 848
712 848
719 848
773 848
830 848
840 848
18 849
96 849
104 849
126 849
180 849
202 849
233 849
270 849
274 849
409 849
411 849
418 849
437 849
541 849
560 849
708 849
793 849
822 849
38 850
89 850
116 850
171 850
175 850
226 850
312 850
371 850
405 850
471 850
593 850
606 850
665 850
670 850
734 850
106 851
113 851
181 851
199 851
356 851
358 851
360 851
444 851
479 851
614 851
635 851
654 851
711 851
106 852
116 852
200 852
318 852
365 852
386 852
501 852
554 852
613 852
689 852
731 852
768 852
55 853
87 853
121 853
178 853
202 853
233 853
291 853
345 853
441 853
512 853
576 853
594 853
598 853
609 853
635 853
644 853
648 853
729 853
771 853
820 853
821 853
16 854
110 854
158 854
171 854
201 854
269 854
314 854
334 854
348 854
383 854
437 854
463 854
611 854
692 854
715 854
734 854
765 854
40 855
45 855
64 855
119 855
186 855
190 855
201 855
241 855
243 855
283 855
324 855
394 855
411 855
414 855
458 855
538 855
610 855
616 855
632 855
698 855
709 855
722 855
752 855
771 855
776 855
778 855
782 855
825 855
836 855
6 856
35 856
50 856
130 856
157 856
179 856
196 856
217 856
242 856
244 856
250 856
294 856
313 856
422 856
445 856
468 856
479 856
554 856
567 856
681 856
40 857
112 857
121 857
130 857
259 857
281 857
328 857
368 857
484 857
565 857
580 857
661 857
667 857
714 857
781 857
783 857
797 857
814 857
7 858
36 858
220 858
264 858
265 858
307 858
309 858
351 858
359 858
417 858
428 858
454 858
590 858
609 858
634 858
671 858
687 858
736 858
841 858
19 859
22 859
114 859
160 859
180 859
199 859
211 859
248 859
279 859
340 859
405 859
465 859
483 859
571 859
608 859
729 859
749 859
788 859
797 859
849 859
855 859
16 860
32 860
62 860
80 860
105 860
132 860
181 860
217 860
272 860
356 860
430 860
451 860
673 860
731 860
740 860
762 860
781 860
782 860
816 860
87 861
102 861
129 861
163 861
231 861
244 861
280 861
319 861
365 861
430 861
444 861
477 861
483 861
510 861
765 861
828 861
840 861
48 862
87 862
118 862
255 862
289 862
309 862
325 862
387 862
392 862
396 862
435 862
457 862
600 862
636 862
682 862
685 862
756 862
765 862
775 862
799 862
59 863
78 863
110 863
128 863
153 863
196 863
216 863
405 863
548 863
568 863
616 863
651 863
657 863
670 863
749 863
822 863
823 863
857 863
862 863
101 864
119 864
122 864
194 864
205 864
212 864
257 864
275 864
357 864
442 864
463 864
500 864
517 864
635 864
664 864
677 864
695 864
726 864
774 864
821 864
12 865
58 865
62 865
111 865
175 865
217 865
308 865
382 865
425 865
434 865
446 865
573 865
704 865
710 865
750 865
785 865
790 865
814 865
48 866
126 866
143 866
232 866
301 866
318 866
334 866
378 866
482 866
487 866
539 866
555 866
578 866
650 866
722 866
858 866
12 867
111 867
221 867
238 867
274 867
302 867
321 867
404 867
409 867
521 867
715 867
840 867
849 867
22 868
73 868
96 868
199 868
216 868
217 868
221 868
224 868
236 868
275 868
302 868
305 868
413 868
437 868
506 868
533 868
570 868
643 868
676 868
720 868
857 868
85 869
105 869
131 869
136 869
190 869
252 869
263 869
272 869
331 869
421 869
460 869
474 869
479 869
547 869
565 869
617 869
660 869
780 869
812 869
813 869
22 870
30 870
56 870
204 870
289 870
303 870
343 870
427 870
463 870
499 870
599 870
634 870
639 870
640 870
778 870
787 870
790 870
829 870
835 870
844 870
221 871
255 871
285 871
364 871
367 871
390 871
392 871
432 871
511 871
517 871
602 871
634 871
692 871
788 871
1 872
33 872
42 872
67 872
74 872
86 872
162 872
184 872
215 872
336 872
363 872
410 872
421 872
426 872
435 872
458 872
546 872
551 872
590 872
639 872
691 872
729 872
744 872
857 872
24 873
120 873
144 873
258 873
284 873
322 873
415 873
485 873
589 873
654 873
764 873
9 874
11 874
30 874
108 874
184 874
244 874
258 874
500 874
530 874
574 874
591 874
647 874
648 874
698 874
783 874
790 874
811 874
856 874
32 875
48 875
107 875
113 875
130 875
207 875
315 875
398 875
409 875
480 875
549 875
552 875
590 875
675 875
718 875
824 875
826 875
830 875
42 876
81 876
117 876
152 876
239 876
255 876
268 876
286 876
307 876
313 876
348 876
366 876
382 876
404 876
445 876
495 876
523 876
586 876
676 876
687 876
721 876
858 876
25 877
215 877
225 877
342 877
351 877
384 877
430 877
435 877
492 877
661 877
684 877
714 877
739 877
805 877
812 877
23 878
203 878
208 878
289 878
402 878
403 878
444 878
451 878
559 878
616 878
641 878
748 878
776 878
798 878
828 878
863 878
7 879
43 879
94 879
101 879
109 879
138 879
204 879
242 879
369 879
405 879
430 879
441 879
480 879
490 879
496 879
516 879
523 879
571 879
678 879
691 879
789 879
833 879
135 880
243 880
339 880
343 880
411 880
494 880
526 880
582 880
583 880
599 880
606 880
837 880
57 881
100 881
160 881
182 881
389 881
429 881
500 881
511 881
529 881
584 881
589 881
643 881
670 881
676 881
680 881
690 881
724 881
816 881
839 881
91 882
119 882
165 882
189 882
216 882
335 882
383 882
424 882
536 882
606 882
618 882
695 882
748 882
759 882
790 882
857 882
59 883
64 883
95 883
144 883
181 883
226 883
269 883
298 883
313 883
382 883
567 883
622 883
638 883
665 883
733 883
797 883
804 883
805 883
833 883
844 883
875 883
86 884
113 884
178 884
288 884
289 884
299 884
309 884
371 884
381 884
426 884
448 884
458 884
473 884
556 884
639 884
643 884
683 884
782 884
861 884
43 885
67 885
123 885
223 885
250 885
322 885
326 885
405 885
421 885
472 885
478 885
499 885
503 885
696 885
698 885
705 885
733 885
854 885
865 885
97 886
175 886
206 886
208 886
254 886
271 886
397 886
415 886
435 886
451 886
454 886
460 886
495 886
507 886
546 886
557 886
744 886
754 886
826 886
149 887
159 887
201 887
325 887
378 887
489 887
498 887
569 887
601 887
602 887
67 888
134 888
140 888
186 888
196 888
283 888
377 888
380 888
414 888
494 888
541 888
543 888
554 888
603 888
645 888
649 888
669 888
689 888
691 888
705 888
735 888
768 888
800 888
813 888
837 888
849 888
879 888
74 889
104 889
119 889
146 889
189 889
223 889
309 889
360 889
378 889
451 889
457 889
573 889
581 889
593 889
725 889
752 889
790 889
798 889
29 890
90 890
102 890
153 890
176 890
180 890
234 890
266 890
301 890
304 890
320 890
353 890
425 890
477 890
520 890
540 890
676 890
749 890
754 890
798 890
887 890
16 891
50 891
132 891
139 891
162 891
191 891
235 891
321 891
389 891
503 891
542 891
548 891
647 891
660 891
684 891
718 891
732 891
829 891
853 891
76 892
83 892
117 892
136 892
241 892
292 892
296 892
371 892
530 892
590 892
592 892
749 892
786 892
790 892
848 892
868 892
889 892
103 893
304 893
332 893
354 893
435 893
489 893
543 893
557 893
566 893
585 893
593 893
638 893
669 893
681 893
827 893
860 893
27 894
54 894
77 894
296 894
350 894
369 894
373 894
479 894
613 894
684 894
721 894
774 894
797 894
807 894
859 894
871 894
28 895
47 895
53 895
78 895
166 895
201 895
208 895
211 895
243 895
270 895
330 895
366 895
466 895
504 895
583 895
600 895
636 895
664 895
675 895
773 895
774 895
855 895
40 896
41 896
115 896
128 896
208 896
265 896
284 896
394 896
397 896
415 896
493 896
512 896
533 896
537 896
552 896
556 896
654 896
805 896
880 896
15 897
43 897
185 897
349 897
489 897
648 897
693 897
823 897
842 897
862 897
885 897
76 898
93 898
159 898
172 898
188 898
247 898
274 898
432 898
607 898
618 898
635 898
717 898
739 898
743 898
785 898
852 898
2 899
5 899
12 899
36 899
163 899
187 899
228 899
236 899
288 899
335 899
392 899
408 899
464 899
493 899
510 899
532 899
553 899
657 899
659 899
815 899
834 899
61 900
69 900
76 900
97 900
159 900
242 900
343 900
388 900
467 900
519 900
525 900
708 900
8 901
137 901
139 901
140 901
154 901
156 901
176 901
185 901
212 901
248 901
253 901
282 901
543 901
595 901
598 901
666 901
672 901
685 901
820 901
846 901
867 901
24 902
68 902
111 902
154 902
170 902
254 902
346 902
430 902
442 902
443 902
462 902
474 902
514 902
519 902
583 902
708 902
715 902
718 902
740 902
743 902
900 902
15 903
21 903
45 903
46 903
91 903
142 903
172 903
184 903
246 903
251 903
327 903
365 903
373 903
379 903
452 903
473 903
542 903
566 903
603 903
674 903
676 903
751 903
779 903
780 903
821 903
843 903
853 903
54 904
117 904
137 904
205 904
296 904
361 904
509 904
518 904
606 904
699 904
724 904
746 904
749 904
807 904
847 904
853 904
61 905
182 905
229 905
253 905
272 905
304 905
334 905
371 905
419 905
455 905
479 905
499 905
511 905
516 905
572 905
741 905
749 905
773 905
774 905
829 905
866 905
10 906
120 906
314 906
433 906
481 906
614 906
619 906
677 906
698 906
738 906
786 906
67 907
108 907
124 907
187 907
190 907
239 907
240 907
263 907
269 907
418 907
422 907
558 907
580 907
599 907
673 907
731 907
774 907
883 907
44 908
283 908
329 908
372 908
521 908
567 908
581 908
621 908
625 908
736 908
748 908
784 908
824 908
847 908
850 908
865 908
875 908
103 909
154 909
257 909
353 909
389 909
405 909
493 909
642 909
649 909
702 909
720 909
762 909
872 909
902 909
5 910
10 910
69 910
97 910
176 910
214 910
253 910
358 910
449 910
493 910
562 910
567 910
587 910
639 910
646 910
834 910
81 911
140 911
147 911
274 911
318 911
344 911
373 911
385 911
454 911
517 911
587 911
639 911
3 912
138 912
192 912
230 912
231 912
348 912
396 912
519 912
527 912
635 912
683 912
772 912
788 912
831 912
872 912
877 912
31 913
38 913
43 913
96 913
132 913
148 913
154 913
164 913
168 913
179 913
195 913
206 913
285 913
316 913
335 913
341 913
393 913
415 913
469 913
524 913
534 913
574 913
606 913
658 913
659 913
673 913
704 913
715 913
744 913
747 913
779 913
799 913
847 913
860 913
866 913
60 914
239 914
240 914
264 914
282 914
330 914
462 914
520 914
555 914
576 914
641 914
788 914
797 914
835 914
908 914
909 914
910 914
46 915
93 915
146 915
275 915
298 915
401 915
503 915
507 915
555 915
705 915
777 915
818 915
905 915
86 916
100 916
164 916
175 916
328 916
452 916
491 916
546 916
631 916
670 916
715 916
17 917
31 917
34 917
75 917
101 917
131 917
148 917
152 917
195 917
220 917
247 917
248 917
305 917
309 917
345 917
369 917
384 917
427 917
443 917
453 917
461 917
495 917
524 917
545 917
595 917
681 917
703 917
759 917
818 917
899 917
2 918
15 918
31 918
57 918
68 918
124 918
155 918
168 918
207 918
219 918
221 918
409 918
511 918
530 918
740 918
758 918
793 918
864 918
866 918
884 918
891 918
893 918
2 919
21 919
82 919
118 919
258 919
305 919
346 919
420 919
428 919
454 919
492 919
555 919
591 919
621 919
623 919
688 919
719 919
733 919
735 919
752 919
763 919
772 919
787 919
909 919
9 920
24 920
67 920
99 920
100 920
144 920
161 920
196 920
234 920
355 920
383 920
420 920
486 920
615 920
620 920
653 920
673 920
711 920
746 920
872 920
902 920
0 921
53 921
195 921
196 921
233 921
343 921
355 921
375 921
438 921
470 921
603 921
624 921
631 921
668 921
735 921
883 921
64 922
106 922
109 922
121 922
138 922
142 922
241 922
243 922
354 922
409 922
479 922
608 922
749 922
792 922
11 923
65 923
76 923
122 923
189 923
216 923
254 923
276 923
283 923
322 923
336 923
343 923
349 923
385 923
388 923
421 923
466 923
559 923
661 923
689 923
761 923
797 923
15 924
62 924
80 924
87 924
195 924
209 924
248 924
343 924
367 924
385 924
395 924
489 924
568 924
576 924
717 924
720 924
895 924
911 924
920 924
19 925
46 925
48 925
66 925
89 925
158 925
285 925
527 925
583 925
613 925
656 925
717 925
774 925
775 925
888 925
62 926
76 926
105 926
139 926
233 926
517 926
548 926
553 926
560 926
612 926
752 926
7 927
12 927
66 927
150 927
151 927
251 927
305 927
367 927
372 927
382 927
392 927
448 927
473 927
496 927
546 927
553 927
711 927
751 927
842 927
898 927
7 928
34 928
35 928
51 928
56 928
130 928
153 928
158 928
428 928
527 928
584 928
649 928
701 928
747 928
750 928
752 928
754 928
806 928
885 928
922 928
77 929
237 929
252 929
254 929
296 929
362 929
401 929
426 929
446 929
494 929
548 929
641 929
731 929
733 929
837 929
58 930
95 930
97 930
101 930
240 930
290 930
333 930
388 930
432 930
514 930
523 930
572 930
583 930
589 930
791 930
847 930
97 931
106 931
111 931
216 931
263 931
389 931
391 931
401 931
430 931
496 931
542 931
544 931
583 931
589 931
700 931
792 931
834 931
871 931
882 931
77 932
204 932
251 932
439 932
444 932
462 932
523 932
595 932
635 932
714 932
849 932
876 932
913 932
917 932
1 933
65 933
66 933
122 933
179 933
311 933
448 933
450 933
463 933
498 933
727 933
743 933
838 933
864 933
865 933
886 933
21 934
125 934
138 934
150 934
249 934
282 934
317 934
391 934
406 934
542 934
618 934
634 934
671 934
707 934
776 934
817 934
856 934
26 935
70 935
108 935
136 935
221 935
315 935
330 935
472 935
525 935
686 935
706 935
747 935
841 935
860 935
10 936
45 936
47 936
62 936
85 936
197 936
247 936
284 936
310 936
405 936
615 936
651 936
758 936
777 936
22 937
37 937
68 937
98 937
135 937
234 937
358 937
529 937
585 937
635 937
669 937
688 937
690 937
752 937
808 937
871 937
877 937
891 937
900 937
35 938
120 938
163 938
284 938
286 938
291 938
302 938
326 938
352 938
493 938
500 938
528 938
587 938
627 938
805 938
904 938
68 939
100 939
184 939
213 939
237 939
238 939
269 939
312 939
373 939
374 939
421 939
482 939
580 939
639 939
660 939
674 939
677 939
728 939
793 939
807 939
901 939
938 939
8 940
41 940
54 940
65 940
93 940
123 940
149 940
200 940
256 940
557 940
584 940
596 940
685 940
889 940
928 940
31 941
33 941
114 941
130 941
146 941
383 941
385 941
424 941
623 941
816 941
835 941
841 941
928 941
3 942
18 942
219 942
262 942
270 942
299 942
467 942
507 942
529 942
605 942
646 942
677 942
761 942
813 942
917 942
44 943
64 943
89 943
107 943
165 943
181 943
192 943
200 943
267 943
302 943
306 943
324 943
422 943
495 943
536 943
591 943
659 943
682 943
749 943
827 943
897 943
196 944
361 944
378 944
484 944
496 944
503 944
537 944
555 944
603 944
613 944
676 944
715 944
744 944
814 944
839 944
845 944
866 944
11 945
41 945
135 945
153 945
157 945
172 945
205 945
231 945
304 945
310 945
336 945
402 945
425 945
474 945
542 945
566 945
606 945
663 945
694 945
739 945
796 945
852 945
868 945
877 945
940 945
37 946
89 946
139 946
362 946
415 946
422 946
494 946
534 946
546 946
580 946
701 946
717 946
808 946
860 946
866 946
20 947
36 947
75 947
188 947
199 947
243 947
301 947
332 947
378 947
455 947
480 947
549 947
642 947
644 947
675 947
693 947
707 947
868 947
874 947
883 947
902 947
926 947
14 948
79 948
210 948
222 948
235 948
287 948
295 948
390 948
425 948
450 948
521 948
552 948
572 948
772 948
801 948
806 948
825 948
65 949
73 949
121 949
174 949
243 949
394 949
429 949
455 949
470 949
546 949
553 949
623 949
660 949
689 949
737 949
742 949
761 949
771 949
821 949
849 949
877 949
938 949
13 950
58 950
61 950
67 950
131 950
229 950
257 950
277 950
305 950
328 950
337 950
404 950
597 950
608 950
673 950
680 950
713 950
725 950
914 950
82 951
140 951
148 951
159 951
170 951
236 951
258 951
308 951
463 951
466 951
494 951
518 951
520 951
594 951
614 951
643 951
674 951
692 951
856 951
892 951
79 952
131 952
180 952
439 952
473 952
579 952
712 952
814 952
907 952
2 953
6 953
12 953
110 953
128 953
178 953
359 953
416 953
466 953
506 953
545 953
600 953
620 953
690 953
727 953
728 953
777 953
869 953
881 953
898 953
249 954
318 954
342 954
393 954
401 954
444 954
485 954
590 954
617 954
687 954
751 954
880 954
882 954
914 954
946 954
102 955
179 955
183 955
203 955
215 955
289 955
430 955
570 955
586 955
610 955
646 955
670 955
692 955
737 955
751 955
780 955
791 955
852 955
38 956
69 956
113 956
119 956
121 956
186 956
187 956
207 956
212 956
235 956
242 956
287 956
319 956
414 956
415 956
422 956
467 956
472 956
475 956
516 956
528 956
579 956
583 956
641 956
652 956
800 956
852 956
903 956
904 956
910 956
914 956
45 957
75 957
114 957
125 957
193 957
252 957
330 957
367 957
439 957
521 957
635 957
686 957
849 957
903 957
14 958
44 958
54 958
118 958
122 958
299 958
330 958
391 958
408 958
491 958
560 958
566 958
706 958
835 958
881 958
907 958
910 958
916 958
941 958
953 958
54 959
58 959
147 959
236 959
361 959
411 959
431 959
433 959
469 959
518 959
550 959
568 959
578 959
641 959
647 959
676 959
690 959
755 959
783 959
850 959
900 959
914 959
946 959
14 960
48 960
80 960
161 960
351 960
407 960
515 960
518 960
530 960
568 960
616 960
631 960
68 961
77 961
80 961
125 961
212 961
274 961
308 961
310 961
328 961
372 961
380 961
433 961
462 961
578 961
672 961
674 961
731 961
736 961
740 961
748 961
768 961
777 961
803 961
880 961
886 961
912 961
915 961
97 962
120 962
262 962
308 962
454 962
537 962
553 962
596 962
679 962
728 962
757 962
761 962
815 962
823 962
860 962
905 962
914 962
106 963
111 963
120 963
178 963
179 963
191 963
202 963
255 963
298 963
316 963
363 963
583 963
611 963
621 963
623 963
662 963
708 963
751 963
795 963
809 963
812 963
4 964
19 964
114 964
211 964
256 964
280 964
282 964
337 964
417 964
513 964
633 964
637 964
644 964
724 964
764 964
767 964
795 964
813 964
840 964
955 964
52 965
120 965
165 965
287 965
304 965
315 965
401 965
406 965
457 965
522 965
585 965
718 965
782 965
817 965
846 965
869 965
874 965
943 965
949 965
27 966
40 966
64 966
83 966
219 966
242 966
262 966
265 966
290 966
380 966
396 966
398 966
402 966
419 966
461 966
479 966
491 966
493 966
607 966
620 966
625 966
659 966
684 966
695 966
734 966
761 966
782 966
788 966
794 966
798 966
812 966
16 967
134 967
135 967
143 967
289 967
312 967
395 967
399 967
448 967
469 967
486 967
542 967
580 967
595 967
644 967
668 967
684 967
723 967
763 967
832 967
897 967
16 968
84 968
136 968
312 968
320 968
330 968
337 968
361 968
365 968
383 968
398 968
399 968
402 968
406 968
638 968
716 968
730 968
774 968
878 968
889 968
2 969
88 969
127 969
215 969
271 969
338 969
454 969
472 969
626 969
631 969
632 969
736 969
805 969
884 969
910 969
19 970
180 970
190 970
454 970
487 970
531 970
554 970
771 970
856 970
859 970
908 970
932 970
954 970
30 971
116 971
122 971
141 971
194 971
212 971
278 971
329 971
378 971
435 971
502 971
510 971
654 971
798 971
881 971
889 971
959 971
163 972
207 972
237 972
292 972
339 972
341 972
385 972
393 972
435 972
572 972
593 972
620 972
789 972
806 972
844 972
967 972
36 973
37 973
73 973
80 973
227 973
253 973
258 973
471 973
566 973
588 973
605 973
610 973
620 973
707 973
719 973
753 973
841 973
847 973
883 973
39 974
55 974
108 974
109 974
336 974
451 974
527 974
546 974
550 974
592 974
619 974
648 974
653 974
654 974
713 974
717 974
772 974
792 974
802 974
906 974
962 974
14 975
48 975
128 975
135 975
165 975
262 975
389 975
399 975
570 975
573 975
595 975
611 975
644 975
761 975
801 975
894 975
958 975
960 975
8 976
63 976
137 976
172 976
329 976
378 976
384 976
524 976
580 976
788 976
790 976
815 976
834 976
952 976
137 977
140 977
187 977
212 977
235 977
264 977
444 977
478 977
623 977
646 977
656 977
670 977
756 977
762 977
820 977
872 977
873 977
8 978
62 978
94 978
143 978
209 978
224 978
267 978
281 978
379 978
463 978
576 978
582 978
588 978
603 978
617 978
801 978
965 978
131 979
162 979
168 979
198 979
252 979
259 979
343 979
402 979
427 979
446 979
680 979
712 979
737 979
745 979
777 979
855 979
913 979
26 980
93 980
105 980
131 980
183 980
263 980
277 980
342 980
369 980
388 980
414 980
457 980
510 980
546 980
561 980
583 980
685 980
692 980
811 980
834 980
853 980
931 980
958 980
971 980
74 981
151 981
220 981
397 981
457 981
482 981
500 981
504 981
505 981
535 981
559 981
598 981
613 981
630 981
847 981
902 981
937 981
949 981
955 981
4 982
6 982
30 982
148 982
176 982
216 982
239 982
251 982
343 982
542 982
625 982
639 982
689 982
727 982
733 982
768 982
779 982
798 982
881 982
898 982
948 982
967 982
5 983
19 983
81 983
99 983
144 983
170 983
212 983
537 983
579 983
669 983
830 983
30 984
53 984
55 984
82 984
89 984
128 984
132 984
135 984
368 984
398 984
434 984
574 984
593 984
658 984
746 984
781 984
889 984
6 985
14 985
33 985
40 985
65 985
206 985
211 985
257 985
283 985
303 985
362 985
405 985
414 985
733 985
863 985
88 986
117 986
152 986
163 986
381 986
515 986
539 986
579 986
686 986
690 986
703 986
782 986
861 986
862 986
917 986
949 986
46 987
78 987
156 987
158 987
274 987
364 987
614 987
619 987
621 987
625 987
654 987
781 987
820 987
823 987
848 987
905 987
167 988
249 988
250 988
310 988
406 988
453 988
470 988
504 988
529 988
720 988
779 988
795 988
852 988
895 988
954 988
978 988
8 989
12 989
67 989
109 989
121 989
151 989
156 989
170 989
236 989
278 989
343 989
355 989
364 989
380 989
396 989
422 989
430 989
558 989
573 989
586 989
611 989
698 989
725 989
770 989
787 989
807 989
946 989
13 990
51 990
85 990
89 990
153 990
155 990
171 990
189 990
250 990
293 990
448 990
479 990
533 990
562 990
599 990
825 990
840 990
877 990
950 990
986 990
26 991
43 991
44 991
120 991
233 991
274 991
321 991
343 991
370 991
419 991
428 991
431 991
477 991
538 991
582 991
589 991
614 991
665 991
741 991
775 991
903 991
0 992
8 992
9 992
185 992
223 992
338 992
531 992
548 992
741 992
819 992
843 992
962 992
75 993
134 993
162 993
173 993
311 993
317 993
354 993
391 993
407 993
521 993
574 993
578 993
591 993
604 993
687 993
696 993
701 993
711 993
750 993
817 993
818 993
886 993
22 994
30 994
76 994
127 994
144 994
170 994
261 994
279 994
362 994
419 994
428 994
480 994
486 994
519 994
521 994
540 994
571 994
649 994
683 994
715 994
824 994
842 994
922 994
63 995
86 995
140 995
141 995
185 995
191 995
258 995
390 995
411 995
423 995
482 995
607 995
671 995
711 995
827 995
829 995
848 995
864 995
979 995
987 995
224 996
235 996
359 996
436 996
450 996
454 996
527 996
659 996
664 996
700 996
779 996
793 996
830 996
891 996
923 996
924 996
968 996
1 997
64 997
167 997
173 997
205 997
336 997
375 997
588 997
610 997
707 997
709 997
810 997
866 997
891 997
899 997
942 997
949 997
59 998
82 998
133 998
138 998
176 998
423 998
448 998
542 998
553 998
686 998
731 998
835 998
902 998
930 998
994 998
139 999
150 999
193 999
247 999
350 999
521 999
552 999
666 999
807 999
827 999
859 999
944 999
